% Data file -- Assignment 4, Problem 4

% Network data
nfrom = [1 1 2 3 3 4 2]';
nto = [2 4 3 4 5 5 4]';
r = 1E-4*[147 108 185 294 221 108 105]';
x = 1E-3*[168 126 210 336 252 126 130]';
b = 1E-3*[138 102 185 296 213 104 100]';
fmax = [300 355 300 300 300 450 360]';

% Data for power flow analysis
is = 1;
ipv = [1 3 4]';
ipq = [2 5]';
Pg = [0 0 385 268 0]';
Qg = [0 0 0 0 0]';
Pd = [134 85 119 323 287]';
Qd = [66.1 27.9 39.1 106.2 9.4]';
V0 = [1 1 1.05]';
Sbase = 100;
toler = 1E-2;
maxiter = 20;
ref = is;

% State estimation data
Pinj = [1 1.7288 0.010;
    3 2.6783 0.010;
    4 -0.5726 0.010];
Qinj = [1 -0.5961 0.010;
    3 -0.3382 0.010;
    4 1.4454 0.010];

Pflow = [1 2 0.5678 0.008];
Qflow = [1 2 -0.1149 0.008];

Vnode = [2 1.0099 0.004];
